0
0
0
0
0
0
0
0
0
0
0
0
0
0
0
0
0
0
0
0
0
0
0
0
0
0
0
0
0
0
0
0
0
0
0
0
0
0
0
0
0
0
0
0
0
0
0
0
0
0
0
0
0
0
0
0
0
0
0
0
0
0
0
0
0
0
0
0
0
0
0
0
0
0
0
0
0
0
0
0
0
0
0
0
0
0
0
0
0
0
0
0
0
0
0
0
0
0
0
0
0
0
0
0
0
0
0
0
0
0
0
0
0
0
0
0
0
0
0
0
0
0
0
0
0
0
0
0
0
0
0
0
0
0
0
0
0
0
0
0
0
0
0
0
0
0
0
0
0
0
0
0
0
0
0
0
0
0
0
0
0
0
0
0
0
0
0
0
0
0
0
0
0
0
7.62945e-06
0
0
0
0
3.81473e-06
0
0
7.62945e-06
0
0
0
0
3.81473e-06
3.81473e-06
1.14442e-05
0
7.62945e-06
3.81473e-06
0
1.52589e-05
7.62945e-06
7.62945e-06
0
1.14442e-05
2.28884e-05
3.05178e-05
3.81473e-06
7.24798e-05
3.43325e-05
4.1962e-05
1.52589e-05
0
7.24798e-05
3.81473e-06
0.00020218
1.14442e-05
0.000186922
6.10356e-05
0.000148774
4.1962e-05
0.000339511
0
0.000782019
2.28884e-05
0.000469211
7.62945e-05
0.000434879
0.000156404
0.000473026
0.00116731
0.00167848
0.000579838
0.00214769
0
0.00104524
0.00401309
0.00076676
0.00287249
0.00576024
0.00669866
0.00146485
0.00516895
0.00200273
0.00244142
0.00833518
0.01569
0.00109864
0.0230333
0.0120316
0.024357
0.0206567
0.0279162
0.0403865
0.00584416
0.028332
0.00534443
0.00997169
0.00995644
0.00994881
0
0.430335
0
0.0100213
0.00980385
0.0100289
0.00543217
0.0287592
0.00575261
0.0409473
0.0280535
0.0211069
0.0243036
0.011715
0.0232088
0.00097657
0.0157701
0.00791937
0.00256731
0.00184633
0.00523762
0.00159074
0.00632482
0.00579075
0.00276186
0.000759131
0.0038605
0.00101472
0
0.00215914
0.00062943
0.00161363
0.00122834
0.000438694
0.000179292
0.000446323
8.01093e-05
0.000633245
4.1962e-05
0.000736242
0
0.000366214
1.52589e-05
0.000186922
4.1962e-05
0.000186922
5.34062e-05
0.000205995
0
6.10356e-05
0
7.62945e-06
4.1962e-05
3.81473e-05
4.1962e-05
0
3.05178e-05
3.43325e-05
1.90736e-05
0
3.81473e-06
7.62945e-06
1.90736e-05
3.81473e-06
3.81473e-06
7.62945e-06
0
3.81473e-06
7.62945e-06
1.14442e-05
0
0
3.81473e-06
3.81473e-06
0
3.81473e-06
0
7.62945e-06
0
0
0
0
0
0
0
0
0
0
0
0
0
0
0
0
0
0
0
0
0
0
0
0
0
0
0
0
0
0
0
0
0
0
0
0
0
0
0
0
0
0
0
0
0
0
0
0
0
0
0
0
0
0
0
0
0
0
0
0
0
0
0
0
0
0
0
0
0
0
0
0
0
0
0
0
0
0
0
0
0
0
0
0
0
0
0
0
0
0
0
0
0
0
0
0
0
0
0
0
0
0
0
0
0
0
0
0
0
0
0
0
0
0
0
0
0
0
0
0
0
0
0
0
0
0
0
0
0
0
0
0
0
0
0
0
0
0
0
0
0
0
0
0
0
0
0
0
0
0
0
0
0
0
0
0
0
0
0
0
0
0
0
0
0
0
0
0
0
0
0
0
0
0
0
0
0
0
0
